台番号	G数	差枚	BB	RB
スマスロ サンダーV
2001	5,636	-1,809	19	10
2002	4,089	-523	12	12
2003	5,691	+1,572	24	11
2004	4,964	+2,762	25	14
2005	6,479	-1,000	22	12
2006	4,079	+1,048	17	10
2007	6,405	+3,619	35	15
2008	6,703	-333	25	9
SHAKE BONUS TRIGGER
2009	6,493	-762	18	17
2010	3,383	-190	8	8
2011	5,120	+858	18	14
2012	3,479	-1,523	5	11
2013	4,587	-3,285	6	9
ケロット5
2014	2,162	-2,047	4	1
2015	4,661	-1,523	14	10
2016	6,333	+334	31	15
2710	4,129	-95	18	11
クレアの秘宝伝 ～はじまりの扉と太陽の石～ ボーナストリガーver.
2017	5,220	+191	18	14
2018	1,912	-1,142	4	3
2019	6,053	+1,715	25	14
2020	2,516	+715	11	6
2021	3,901	-2,047	9	8
スマスロ ハナビ
2028	6,469	-1,333	19	18
2029	4,892	-1,333	14	9
2030	2,901	-1,571	5	7
2031	7,653	+143	24	27
2032	4,654	+96	16	16
2033	2,173	-142	7	3
2034	8,082	+96	24	30
2035	4,621	+715	18	14
バーサスリヴァイズ
2036	7,431	-95	22	27
2037	5,153	-1,523	10	17
2038	5,015	+191	16	16
2039	8,057	+477	28	24
ジャグラーガールズ
2040	5,668	-48	20	23
2041	5,514	+762	23	19
2042	6,973	+1,524	35	16
2043	5,648	-1,333	17	16
2044	6,370	+1,000	28	21
2045	3,031	-1,047	7	9
2046	8,126	+381	33	24
2047	8,495	-1,666	25	26
2048	4,862	-48	18	15
2049	5,144	-1,047	18	17
2050	7,232	+191	30	21
ファンキージャグラー2
2051	2,678	-714	7	7
2052	5,836	-762	19	15
2053	2,494	-1,000	6	8
2054	5,848	+524	26	16
2055	6,679	+2,096	31	26
2056	3,123	-571	10	5
2057	3,147	-619	10	6
2058	5,682	+524	22	17
2059	7,241	+2,334	37	21
2060	5,326	-428	18	18
2061	5,770	-95	18	22
2062	4,706	-1,285	15	6
2063	2,122	-381	8	3
2064	5,182	+143	22	11
2065	3,192	-1,762	6	7
2066	3,357	-714	10	10
2067	2,473	-1,714	4	2
2068	4,674	-857	13	14
2069	4,897	-1,190	10	21
2070	4,650	-381	18	10
2071	0	+0	0	0
2072	4,518	+524	22	9
2073	3,878	-1,190	11	7
2074	3,902	-48	16	9
2075	4,125	-523	15	8
2076	3,360	+191	15	6
2077	4,730	-952	16	11
2078	3,817	-1,285	13	6
2079	2,850	-904	9	3
2080	5,334	+381	23	16
2081	7,069	+2,810	36	23
2082	4,889	+96	21	13
2083	7,070	+905	31	19
ネオアイムジャグラーEX
2084	5,815	-857	19	16
2085	2,141	-428	8	1
2086	3,907	+1,762	22	7
2087	5,015	+334	22	12
2088	4,546	-142	17	13
2089	3,219	+334	11	8
2090	3,309	-1,190	10	5
2091	4,207	-1,285	11	12
2092	4,763	+858	21	10
2093	5,587	-428	22	8
2094	4,495	-1,333	14	7
2095	2,827	-1,571	6	6
2096	6,254	-238	23	18
2097	5,247	-1,952	12	14
2098	3,464	-381	13	6
2191	5,124	-428	19	9
2192	3,800	-714	13	7
2193	4,417	+1,381	21	11
2194	5,181	-904	17	12
2195	4,439	-48	18	10
2196	3,957	-762	14	7
2197	4,576	-1,333	12	13
2198	4,291	+238	18	12
2199	4,341	-1,285	13	9
2200	5,707	-1,952	15	12
2201	5,044	-333	18	13
2202	5,210	+2,096	28	14
2203	6,286	+238	24	20
2204	4,201	-333	15	13
2205	3,085	+477	16	5
2206	3,446	-1,285	8	10
2207	5,546	+810	26	8
2208	3,448	-666	13	2
2209	4,581	+1,715	21	15
2210	4,364	-1,095	11	15
2211	2,270	-1,857	3	3
2212	7,782	+238	30	22
2213	2,580	-285	8	7
2214	2,461	-1,095	5	4
2215	4,262	-1,285	10	13
2216	5,284	-904	18	11
2217	5,917	+334	25	12
2218	6,313	+1,096	31	11
2219	2,451	-1,095	6	5
2220	4,677	-762	14	14
2221	1,541	-1,000	3	2
2222	6,119	-95	23	19
2223	850	-952	1	0
2224	3,557	-333	12	8
2225	2,244	-1,428	5	2
2226	3,212	-95	13	4
2227	6,865	-1,952	17	19
2228	3,605	+238	16	9
2229	1,352	-1,238	1	2
2230	5,193	-857	16	12
2231	4,339	-238	17	9
2232	3,448	-571	10	11
2233	6,472	-1,333	18	16
2234	4,322	+334	20	5
2235	6,594	-1,666	18	20
2236	5,097	+96	19	15
2237	6,258	+1,715	31	20
2238	1,950	-619	5	6
2239	3,037	-1,333	9	0
2240	5,401	-762	18	12
2241	2,816	-1,095	5	6
2242	5,984	+1,096	28	11
2243	3,256	+1,667	18	9
2244	4,982	+810	20	16
2245	3,461	-952	11	5
2246	1,685	+381	8	3
2247	4,288	-1,333	13	7
2248	5,342	-571	21	8
ウルトラミラクルジャグラー
2099	6,074	-1,476	19	17
2100	5,324	+2,000	26	18
2101	5,939	-619	22	12
2102	6,121	-48	26	15
2103	5,124	-2,095	12	14
2104	6,099	+1,429	29	17
2105	3,566	-1,190	12	4
ミリオンゴッド‐神々の軌跡‐
2106	7,102	-3,190	0	0
2107	5,581	-2,333	0	0
2108	3,283	-904	7	0
2109	8,166	+4,572	6	0
2110	4,861	+2,953	3	0
2111	3,628	+238	0	0
2112	8,226	-762	7	0
2113	4,956	+6,810	7	0
2114	1,444	-952	0	0
2115	8,347	+810	12	0
2116	8,566	+11,762	15	0
2117	4,974	-2,238	2	0
2118	8,855	+6,858	7	0
2119	5,708	+15,477	14	0
2120	5,453	-857	0	0
2121	6,462	-428	6	0
2122	3,216	-1,952	0	0
2123	4,401	+238	3	0
2124	3,394	-2,428	0	0
2125	3,370	-2,571	0	0
2126	6,106	-3,238	2	0
2127	6,675	+2,667	2	0
2128	6,389	-2,952	0	0
2145	3,005	-2,190	0	0
2146	7,034	+8,905	10	0
2147	1,335	-1,285	0	0
2148	4,168	+3,000	12	0
2149	2,363	-1,619	0	0
2150	3,794	-1,333	0	0
2161	2,397	-1,904	0	0
2162	2,266	-1,000	0	0
2163	8,147	+715	0	0
2164	5,217	-3,857	0	0
2165	4,993	-1,381	0	0
2166	7,220	+238	6	0
2624	2,352	-1,381	0	0
真打 吉宗
2151	7,121	+7,715	0	7
2152	4,852	+858	0	11
2153	6,442	-5,095	0	16
2154	6,086	+810	0	11
2155	7,480	-3,952	0	17
2156	5,275	+4,238	0	14
2157	6,616	-2,523	0	15
2158	7,056	-4,952	0	17
2159	4,580	-142	0	9
2160	7,464	+1,905	0	19
ストリートファイター6
2249	6,640	-5,095	0	19
2250	3,694	-2,428	0	8
2251	4,948	-1,952	0	13
2252	5,889	-2,762	0	17
2253	6,282	-5,000	0	16
2280	4,950	-523	0	11
2281	4,645	+762	0	10
2282	5,038	-285	0	9
2283	5,778	-2,381	0	15
2284	6,452	-4,333	0	19
ソードアート・オンラインII
2254	8,854	-3,428	0	0
2255	6,225	-5,095	0	0
2256	6,766	-1,714	0	0
2257	9,455	+9,096	0	0
2258	8,895	+3,953	0	0
2259	7,862	+15,477	0	0
2260	9,109	-1,857	0	0
2261	8,716	-5,095	0	0
2262	9,620	-1,142	0	0
2263	8,505	+3,953	0	0
2264	9,280	-5,095	0	0
2265	8,078	-5,095	0	0
2266	9,097	-4,523	0	0
2267	6,600	-5,095	0	0
2268	7,647	-5,095	0	0
2269	6,574	-5,095	0	0
2270	7,423	-3,952	0	0
2271	8,479	+7,858	0	0
2272	9,301	-952	0	0
2273	6,369	-3,571	0	0
2274	8,529	-523	0	0
2275	7,563	-809	0	0
2276	7,868	-5,095	0	0
2277	6,878	+3,048	0	0
2278	8,124	-762	0	0
2279	8,081	-1,809	0	0
モンキーターンV
2285	6,959	+1,286	0	15
2286	3,333	-3,095	0	7
2287	2,154	-1,666	0	4
2288	6,846	+6,858	0	10
2289	3,811	-190	0	8
2290	789	-95	0	1
2291	8,090	-1,095	0	21
2292	3,694	-571	0	9
2293	9,718	-381	0	21
2294	4,701	-1,476	0	10
2295	2,469	-2,904	0	5
2296	5,400	-4,142	0	10
2297	8,121	+858	0	17
2298	1,041	-952	0	2
2299	8,650	-2,238	0	25
2795	2,787	-1,476	0	4
2796	4,107	+1,096	0	12
2797	1,174	-666	0	2
2798	5,850	-1,476	0	14
2799	4,952	+1,191	0	10
2800	2,359	-1,952	0	3
2801	8,366	+3,191	0	18
2802	1,125	-1,142	0	2
2803	5,431	-2,476	0	11
2804	5,874	+1,000	0	17
2805	2,006	-619	0	4
2806	6,512	-3,047	0	17
2807	3,438	-1,047	0	7
2808	1,619	-904	0	5
2809	1,977	-571	0	6
2810	8,699	-1,904	0	18
2811	2,452	-2,476	0	4
2812	0	+0	0	0
マイジャグラーV
2300	7,834	-1,428	24	21
2301	5,249	-48	22	9
2302	7,480	+381	34	19
2303	5,261	-142	21	9
2304	4,574	-714	17	8
2305	6,625	-333	23	23
2306	6,622	-1,428	20	17
2307	6,646	+2,286	32	26
2308	6,267	-428	24	14
2309	7,106	-381	26	21
2310	5,586	-238	21	15
2311	5,278	+572	22	11
2312	4,821	-1,857	12	14
2313	7,338	-1,809	21	23
2314	0	+0	0	0
2315	6,028	-2,381	13	17
2316	7,397	-95	28	22
2317	6,291	-1,142	21	15
2318	7,980	+1,524	36	28
2319	3,325	-238	13	7
2320	4,604	-904	16	10
2321	6,047	-142	23	15
2322	5,477	+334	26	8
2323	6,115	-1,381	20	13
2324	5,236	+715	25	10
2325	6,334	-523	24	13
2326	6,225	-1,381	22	13
2327	7,116	-1,904	19	22
2328	6,244	-1,762	18	13
2329	5,644	-48	23	13
2465	6,779	+477	26	22
2466	6,303	+477	26	17
2467	6,963	+524	27	22
2468	6,531	+334	23	27
2469	7,406	+477	29	22
2470	8,011	-952	27	23
2471	6,640	-476	28	12
2472	5,486	-1,666	17	13
2473	6,932	-1,666	19	19
2474	5,186	-381	18	13
2475	4,701	-1,904	12	5
2476	5,794	-1,952	15	18
2477	5,536	-1,857	16	10
2478	6,742	-1,428	19	19
2479	6,632	-476	24	18
2480	7,180	-1,904	22	14
2481	6,698	-1,476	21	22
2482	6,988	+572	30	18
2483	6,353	-762	24	10
2484	5,662	-1,428	17	13
2485	4,939	-381	19	9
2486	7,665	+810	32	24
2487	5,689	-666	17	22
2488	0	+0	0	0
2489	6,676	-428	26	14
2490	6,991	+953	30	18
2491	7,572	-571	28	14
2492	8,526	+1,238	34	34
2493	5,999	-1,762	19	10
2494	0	+0	0	0
2495	6,296	-952	20	16
ゴーゴージャグラー3
2330	8,733	+619	34	36
2331	3,098	-952	8	8
2332	5,780	-95	23	15
2333	3,970	-333	15	11
2334	6,123	-95	25	16
2335	5,773	+572	24	19
2336	2,537	-285	10	5
2337	3,144	+238	15	6
2338	3,065	-1,000	8	7
2339	3,407	+572	17	8
2340	5,733	-1,095	20	17
2341	4,746	+191	19	13
2342	1,928	-1,047	5	2
2343	4,757	-904	16	15
2344	3,222	-1,238	8	8
2345	5,632	-619	22	16
2346	7,375	-142	30	24
2347	6,603	-48	24	29
2348	5,481	-142	23	11
2349	2,918	-1,571	6	6
2350	5,076	-571	19	14
2351	4,836	-238	19	10
2352	6,228	+1,334	30	18
2353	3,538	-619	12	10
2354	2,716	-619	9	5
2355	4,263	-95	16	13
2356	6,186	-1,190	19	22
2357	1,463	-428	4	5
2358	5,987	-48	26	14
2496	4,606	+1,048	23	13
2497	2,584	-1,428	5	6
2498	3,369	-1,190	8	10
2499	6,163	+1,858	32	18
2500	2,453	-523	10	4
2501	5,445	+429	26	11
2502	4,812	-95	18	14
2503	5,583	+238	22	19
2504	3,065	-1,238	9	4
2505	3,953	-666	10	19
2506	3,080	+96	16	3
2507	5,111	-2,476	12	14
2508	2,974	+524	15	7
2509	5,985	+2,238	33	18
2510	6,912	-809	26	18
2511	4,603	-1,476	13	10
2512	4,076	-714	15	10
2513	4,196	+191	19	11
2514	4,682	-285	17	13
2515	4,380	-2,714	8	11
2516	3,233	+905	18	6
2517	5,400	-1,762	19	9
2518	3,427	+191	16	7
2519	6,574	+96	28	14
スマスロ北斗の拳
2359	5,484	-2,095	44	15
2360	1,663	+143	18	3
2361	5,089	-1,333	46	14
2362	2,545	+238	30	8
2363	5,625	-2,762	41	14
2364	4,408	+667	47	14
2365	2,201	-2,381	7	5
2366	3,392	-1,666	23	9
2383	3,219	-666	28	9
2384	4,150	-1,904	33	11
2385	3,030	-428	36	4
2386	4,261	+143	47	14
2387	2,630	-857	23	4
2388	3,622	-3,142	18	7
2389	1,981	+5,810	63	2
2390	4,470	+3,762	67	8
北斗の拳 転生の章2
2367	3,706	+667	0	11
2368	980	-1,000	0	2
2369	3,722	-1,190	0	10
2370	1,329	-428	0	2
2371	5,826	-3,095	0	10
2372	788	-666	0	1
2373	7,251	+238	0	16
2374	1,146	-1,666	0	1
2375	7,521	-4,095	0	15
2376	1,528	-952	0	3
2377	1,379	-1,238	0	2
2378	3,694	+7,810	0	5
2379	6,987	+4,096	0	15
2380	1,428	+1,715	0	6
2381	5,711	-3,666	0	12
2382	3,197	-2,238	0	6
2520	3,069	-1,476	24	7
2521	3,499	+3,667	60	9
2522	1,523	-1,142	10	3
2523	3,314	+6,381	75	11
2524	2,673	-2,333	14	4
2525	1,084	-571	7	2
2526	4,112	-476	42	9
2527	2,124	-1,190	15	6
2528	3,104	+477	43	11
2529	776	+2,000	29	2
2530	3,713	-809	35	9
2531	2,353	-2,047	12	5
2532	3,298	+1,477	63	11
2533	3,815	-381	43	12
2534	3,447	+1,334	49	8
2535	3,638	-1,857	28	10
2536	278	+477	6	1
2537	734	+905	14	4
2538	2,580	-857	24	7
2539	4,272	-1,238	37	16
2540	1,901	-238	20	7
2541	3,657	-476	37	11
2542	291	-285	1	1
2543	2,362	-666	22	8
2544	5,903	+3,572	85	17
2545	1,616	-714	13	5
2546	1,022	-285	9	2
2547	4,655	+1,191	63	18
マギアレコード 魔法少女まどか☆マギカ外伝
2391	3,646	-762	11	0
2392	773	-190	3	0
2393	1,417	-1,238	4	0
2394	467	+238	1	0
2395	3,608	+1,191	9	0
2396	2,851	-285	11	0
2397	2,367	-1,904	9	0
2398	761	+1,000	1	0
2399	4,161	-1,666	11	0
2400	532	-523	1	0
2401	4,089	-2,047	16	0
2402	4,145	-1,428	16	0
2403	447	-48	1	0
2404	5,650	+143	15	0
2405	511	-142	1	0
2406	2,646	-1,904	9	0
2407	2,050	-1,809	5	0
2408	2,809	-3,238	9	0
2409	2,308	-2,428	10	0
2410	4,126	-48	15	0
2411	1,892	-1,523	4	0
2412	2,198	-2,381	6	0
2413	3,433	+238	13	0
2414	1,083	+238	2	0
2415	1,644	-333	3	0
2416	1,819	-1,095	6	0
2417	1,450	-142	5	0
2418	6,603	-1,762	20	0
かぐや様は告らせたい
2419	3,265	-3,047	7	4
2420	2,053	-809	8	2
2421	4,818	+1,905	32	7
2422	4,234	-3,619	10	5
2423	3,369	+2,953	25	5
2424	3,202	-95	16	3
2425	1,272	+3,096	16	1
2426	1,646	+96	9	4
2427	3,071	-3,285	5	5
2428	4,679	+5,429	36	7
2429	1,620	-1,381	4	1
2430	2,458	-1,142	10	4
2431	3,114	-2,095	10	3
2432	6,671	-95	34	11
2433	3,477	-3,666	6	6
2434	4,838	-3,809	12	7
ハッピージャグラーVIII
2435	7,428	-714	26	24
2436	1,890	-666	5	6
2437	4,430	-714	14	12
2438	6,373	+96	24	24
2439	5,956	-523	22	13
2440	3,988	-952	14	6
2441	2,292	-952	5	6
2442	3,730	-1,333	9	11
2443	2,985	-571	11	5
2444	3,997	+143	14	15
2445	4,929	-714	18	7
2446	2,388	-523	5	8
2447	7,115	+1,762	36	14
2448	2,478	-1,000	5	7
2449	4,072	-476	14	12
2450	5,841	-1,095	19	14
2451	3,925	-1,714	11	6
ミスタージャグラー
2452	6,132	-428	25	15
2453	5,553	-523	21	15
2454	4,207	+334	17	9
2455	6,263	-857	22	14
2456	5,533	+667	21	20
2457	4,918	-619	17	11
2458	3,954	-1,095	13	5
2459	6,603	-1,381	20	18
2460	4,534	+524	20	10
2461	3,897	-857	13	9
2462	7,050	-571	24	21
2463	3,503	-904	11	10
2464	7,265	-476	29	16
スマスロ炎炎ノ消防隊2
2548	6,752	+6,572	0	10
2549	1,979	-2,000	0	5
2550	2,453	-1,523	0	3
2551	2,535	+3,048	0	3
2552	2,384	-1,666	0	5
2553	1,656	-714	0	2
2554	3,502	-666	0	8
2555	4,333	-285	0	11
2556	1,681	-1,190	0	3
2557	1,789	-1,095	0	3
2558	2,050	-1,428	0	3
2559	3,209	-48	0	9
2560	2,074	-1,381	0	2
2561	6,035	-428	0	14
2562	4,571	-2,762	0	9
2563	4,017	-2,904	0	10
2564	7,279	-2,714	0	15
2565	5,054	-1,047	0	13
2566	753	+191	0	2
2567	1,324	-619	0	3
2568	7,084	-3,095	0	20
2569	1,150	-714	0	2
2570	4,634	+2,477	0	12
2571	4,897	-1,142	0	12
からくりサーカス2
2572	6,909	+5,000	0	15
2573	824	-1,000	0	2
2574	3,922	-666	0	13
2575	3,949	-904	0	7
2576	2,616	-3,523	0	4
2577	4,340	-4,381	0	9
2578	1,923	-1,809	0	6
2579	1,260	-666	0	3
2580	3,467	-1,952	0	5
2581	1,675	+1,905	0	4
2582	2,902	+2,953	0	7
2583	2,039	+4,048	0	4
2584	3,886	-2,762	0	6
2585	4,261	+5,477	0	8
2586	6,174	-3,904	0	8
2587	7,113	-4,714	0	19
2588	9,451	+5,429	0	19
2589	366	-285	0	1
2590	2,987	-523	0	3
2591	4,410	+3,191	0	7
2592	3,436	-190	0	6
2593	2,380	+96	0	6
2594	5,968	-2,952	0	15
2595	1,457	-1,238	0	3
2596	928	-1,190	0	2
2597	5,004	-4,428	0	12
2813	7,163	+905	0	21
2814	2,787	+619	0	5
2815	1,924	+1,572	0	7
2816	6,587	-1,857	0	18
2817	4,271	-762	0	7
2818	2,451	-2,523	0	5
2819	6,509	+4,143	0	17
2820	2,981	-2,762	0	7
とある魔術の禁書目録2
2598	9,775	+4,953	0	25
2599	8,673	+1,477	0	26
2600	8,183	-3,047	0	30
2601	9,189	+3,000	0	23
2602	7,829	-3,714	0	25
2603	7,777	-1,571	0	21
2604	8,847	-5,095	0	29
2605	6,061	-5,095	0	22
革命機ヴァルヴレイヴ2
2606	7,666	-5,095	36	8
2607	2,173	-285	19	3
2608	3,492	+1,953	35	0
2609	4,417	-4,000	12	3
2610	3,496	-428	33	2
2611	5,571	+1,143	58	6
2612	3,350	-1,238	28	3
2613	6,437	+1,667	62	4
2614	4,652	+762	50	6
2615	3,230	-1,285	15	3
2616	3,129	-2,952	9	3
2617	4,620	+667	56	1
2618	4,534	+6,381	83	3
2619	7,042	-2,047	37	4
2620	3,806	+3,286	45	4
2621	4,300	-2,619	25	5
GI優駿倶楽部黄金
2622	5,639	-1,762	0	15
ダーリン・イン・ザ・フランキス
2623	4,542	-4,809	0	18
バンドリ！
2625	5,031	+619	0	10
HEY！エリートサラリーマン鏡
2626	3,332	+1,191	0	11
頭文字D 2nd
2627	2,679	-1,000	0	6
ゾンビランドサガ
2628	4,448	-238	52	0
シャーマンキング
2629	2,811	-619	10	0
スマスロ真・北斗無双
2630	4,557	+4,000	51	0
2715	1,592	-1,142	9	0
プリズムナナ
2631	385	-285	1	1
ガールズ&パンツァー 最終章
2632	1,395	+2,191	26	8
戦国コレクション6
2633	3,539	-1,333	0	6
3031	7,448	-2,904	0	12
3032	5,758	+2,810	0	14
3033	7,662	+667	0	11
3034	3,781	-3,190	0	5
3035	4,647	+3,953	0	8
3036	6,381	+477	0	8
3037	7,166	+1,191	0	9
七つの魔剣が支配する
2634	2,103	-714	0	7
ひぐらしのなく頃に 業
2635	6,307	-1,809	13	12
マジカルハロウィン8
2636	3,713	-904	18	0
BIRDIE WING ‐Golf Girls' Story‐
2637	2,185	+1,286	0	17
とある科学の超電磁砲2
2638	4,756	+4,143	0	13
ビッグドリーム THE GOLDEN PUSHER
2639	1,797	-1,762	0	5
吉宗
2640	3,112	+2,048	9	3
2641	1,945	-1,381	2	1
2642	3,984	+2,238	11	4
2643	1,063	-904	1	0
2644	4,582	-3,000	5	5
バイオハザード RE:2
2645	1,906	-714	9	0
頭文字D
2646	1,783	+238	10	13
ハイパーラッシュ
2647	4,463	+96	19	6
コードギアス反逆のルルーシュ3 C.C.&Kallen ver.
2648	6,085	+667	16	10
2649	1,851	-476	4	3
2650	3,289	-2,952	4	1
この素晴らしい世界に祝福を！
2651	0	+0	0	0
2652	2,914	-1,857	0	6
2653	4,346	-1,952	0	9
ダンジョンに出会いを求めるのは間違っているだろうか2
2654	4,398	-142	24	0
2655	4,762	+2,762	30	0
2656	3,215	-1,000	12	0
交響詩篇エウレカセブン HI-EVOLUTION ZERO TYPE‐ART
2657	7,705	+905	42	0
2658	836	-762	4	0
2659	4,720	-48	22	0
2660	2,522	-1,190	7	0
2661	6,850	+1,572	37	0
2662	3,243	-95	23	0
マクロスデルタ
2663	5,897	-285	0	14
新鬼武者2
2664	3,953	-95	0	12
ニューパルサーSP4 with 太鼓の達人
2665	5,515	+1,286	25	14
盾の勇者の成り上がり
2666	5,371	-1,857	0	16
押忍!番長ZERO
2667	2,673	+286	0	5
甲鉄城のカバネリ
2668	6,104	+619	17	0
ハードボイルド
2669	4,138	-1,666	9	10
2670	0	+0	0	0
2671	3,078	+143	10	7
クランキークレスト
2672	4,750	-381	14	14
2673	3,871	-1,285	10	8
2674	5,999	+524	22	15
SLOTドルアーガの塔
2675	3,889	+1,191	19	4
2676	1,982	+477	9	5
ディスクアップ ULTRAREMIX
2695	7,410	+619	26	16
2696	8,018	-809	24	15
痛いのは嫌なので防御力に極振りしたいと思います。
2697	1,158	+572	7	6
2698	4,866	+429	26	20
2699	2,844	-857	12	7
東京リベンジャーズ
2700	3,802	-2,095	0	4
2701	3,558	+1,000	0	7
2702	2,341	+429	0	5
無職転生 ～異世界行ったら本気だす～
2703	864	-285	0	3
2704	2,088	+334	0	10
2705	532	-333	0	2
ゴジラ対エヴァンゲリオン
2706	4,857	-3,238	27	0
回胴黙示録カイジ 狂宴
2707	3,936	+429	22	8
戦姫絶唱シンフォギア 正義の歌
2708	1,778	+715	0	2
GALFY
2709	5,514	-1,666	13	13
少女☆歌劇 レヴュースタァライト ‐The SLOT‐
2711	4,174	+96	26	0
乃木坂46
2712	1,825	+810	0	4
コードギアス 反逆のルルーシュ/復活のルルーシュ
2713	5,716	-285	0	6
新鬼武者3
2714	2,066	+96	0	4
タクトオーパス デスティニー
2716	5,747	-48	0	19
3187	4,698	+3,810	0	14
3188	2,777	-762	0	10
3189	1,007	-619	0	4
喰霊‐零‐Re
2717	8,053	+524	45	0
2718	9,209	-5,095	37	0
2719	7,983	-571	51	0
2720	8,243	+715	40	0
やじきた道中記参る！
2721	5,152	-4,904	0	18
2722	2,709	-1,428	0	9
2723	7,141	+1,524	0	19
2724	7,187	+1,000	0	23
2725	6,019	-2,857	0	17
2726	5,854	+7,619	0	20
2727	3,791	-714	0	10
2728	5,076	+191	0	12
2729	5,672	+1,429	0	13
2730	4,983	-3,142	0	15
2731	3,146	-2,142	0	10
2732	8,722	+2,762	0	24
東京喰種
2733	6,157	-3,095	0	13
2734	4,194	-2,523	0	13
2735	3,677	-476	0	11
2736	7,699	+9,143	0	16
2737	6,405	-2,619	0	21
2738	3,381	-2,714	0	8
2739	9,073	+3,048	0	29
2740	5,239	-1,619	0	15
2741	4,832	-952	0	14
2742	4,478	-4,857	0	13
2743	5,183	-1,762	0	13
2744	5,679	+1,143	0	13
2745	8,759	+3,572	0	24
2746	5,706	+3,191	0	14
2747	7,107	-2,523	0	18
2748	8,712	-619	0	24
2749	8,156	-5,095	0	30
2750	6,472	+10,858	0	13
2751	8,895	+4,477	0	23
2752	10,416	+8,667	0	26
2753	1,959	-2,238	0	3
2754	7,345	-3,571	0	27
2755	3,712	-3,762	0	10
2756	5,156	-190	0	13
2757	6,389	+3,334	0	17
2758	6,059	+5,381	0	14
2759	5,566	-4,047	0	17
2760	7,338	-3,000	0	17
2761	4,838	-4,095	0	17
2762	7,901	-2,619	0	23
2763	4,147	-4,047	0	12
2764	8,279	+7,286	0	18
2765	7,106	+762	0	22
2766	4,960	+953	0	15
2767	6,658	+3,905	0	12
2768	6,785	+905	0	17
2769	4,682	+3,000	0	10
2770	7,285	+191	0	20
2771	4,888	+96	0	14
2772	10,285	+7,286	0	30
2773	7,331	+4,524	0	17
2774	4,633	+5,191	0	8
2775	5,641	+1,429	0	14
2776	8,065	+3,334	0	16
2777	7,969	+3,953	0	17
2778	5,285	+4,477	0	12
2779	7,243	+2,381	0	22
2780	3,665	-142	0	6
2781	9,709	+14,762	0	21
2782	7,039	+4,381	0	18
2783	7,863	+8,715	0	16
2784	2,298	-1,714	0	8
2785	2,226	-762	0	8
2786	6,577	+2,286	0	17
2787	7,559	+8,619	0	10
2788	4,900	-4,333	0	14
2789	5,101	-2,142	0	17
2790	1,601	-1,571	0	6
2791	9,025	+6,810	0	26
2792	5,878	+6,762	0	11
2793	8,819	+762	0	22
2794	5,372	-2,047	0	20
沖ドキ!DUO アンコール
2821	2,359	-1,952	8	14
2822	1,350	-809	7	5
2823	442	+429	5	2
2824	414	+381	4	3
2825	2,491	-1,476	15	4
2926	5,554	-1,762	37	18
2927	522	+477	6	2
2928	1,122	-428	7	4
2929	3,108	-3,190	13	4
2930	1,068	-476	6	4
2931	836	-95	6	3
2932	2,181	+143	17	10
2933	3,101	-2,142	15	11
2934	1,855	-1,190	8	11
2935	2,312	-1,047	12	12
2936	731	-762	2	3
沖ドキ!BLACK
2826	0	+0	0	0
2827	1,064	+1,429	12	4
2828	253	+524	4	1
2829	1,683	+953	11	12
2830	3,565	+1,619	25	21
2831	851	-238	5	1
2832	770	-95	5	1
2833	7,605	-5,095	26	13
2834	383	+3,334	16	5
2835	1,137	+1,143	9	10
2836	839	+1,524	11	5
2837	1,271	+2,000	15	10
2838	4,060	-2,476	16	8
2839	2,613	-285	14	9
2840	1,337	+286	9	4
2841	1,417	+96	7	8
2878	2,751	-285	16	6
2879	3,107	-1,428	13	8
2880	4,836	-1,619	23	13
2881	3,155	-2,476	9	7
2882	2,525	-1,238	10	8
2883	209	+1,096	5	4
2884	4,229	-1,047	22	10
2885	1,978	+1,762	16	14
沖ドキ!GOLD‐30
2842	561	+143	4	1
2843	548	+1,096	9	0
2844	776	+3,905	21	7
2845	2,480	-1,190	10	5
2846	313	+429	4	1
2847	328	+905	5	2
2848	2,427	-2,571	6	1
2849	1,779	-714	9	4
2850	4,418	-3,142	14	10
ヤバチバ
2851	2,257	+3,667	15	5
2852	3,979	+1,381	19	15
2853	5,486	-5,095	16	18
2854	5,623	+381	18	12
2855	4,560	+477	19	18
L南国育ち SPECIAL
2856	2,376	+477	15	9
2857	2,989	-1,762	10	8
2858	340	+477	4	1
2859	2,080	+3,000	24	12
2860	1,613	-1,571	3	3
スマート沖スロ ニューキングハナハナV
2861	3,379	-476	11	6
2862	2,663	-571	8	7
2863	2,825	-857	8	4
2864	2,149	-95	8	4
2865	3,500	+524	15	5
沖ドキ!ゴージャス 30Φ
2866	1,064	-571	4	4
2867	1,621	-95	10	5
2868	5,044	-142	28	18
2869	4,164	-2,476	16	8
2870	2,570	-2,333	5	8
2871	1,272	+762	11	5
2872	3,291	-1,142	16	9
2873	3,487	-4,809	2	4
2874	2,085	+5,334	32	16
2875	281	+1,905	9	5
2876	1,144	+286	8	5
2877	1,572	+524	10	10
チバリヨ2
2886	2,746	+572	20	10
2887	2,082	-714	10	10
2888	2,390	+619	19	7
2889	2,155	-1,809	9	1
2890	1,413	-1,666	3	4
2891	3,222	-3,428	9	4
2892	785	+238	6	2
2893	1,100	+15,477	69	22
2894	1,889	-285	12	4
2895	4,116	-5,095	8	7
2896	1,310	+238	8	7
2897	2,792	+4,572	34	11
2898	0	+0	0	0
2899	1,220	+334	7	6
2900	1,934	-857	11	3
2901	2,037	-1,666	7	4
キングハナハナ-30
2902	4,132	-2,190	8	6
2903	5,514	+858	23	10
2904	1,566	-476	4	3
2905	3,795	-238	16	4
2906	3,490	-1,333	7	7
2907	1,344	-428	4	2
2908	5,018	-95	21	9
2909	4,964	+1,619	23	13
2910	775	-476	2	0
2911	4,190	-285	14	12
2912	2,596	-1,190	5	6
2913	0	+0	0	0
うみねこのなく頃に2
3001	5,801	+572	15	17
3002	8,586	-48	23	27
3003	6,391	-1,571	15	12
不二子BT
3004	2,958	+858	28	5
3005	2,895	-1,523	8	12
3006	5,060	+619	33	23
A‐SLOT+ 異世界かるてっと
3007	3,605	-285	19	14
3008	4,655	+1,238	33	19
3009	3,096	+1,381	22	17
3010	3,617	+667	21	19
アレックス ブライト
3011	2,986	-857	8	2
3012	5,843	+572	20	15
3013	2,794	+858	12	5
3014	1,725	-1,619	2	2
ヱヴァンゲリヲン ～約束の扉～
3015	4,774	-666	13	10
3016	7,174	+286	23	12
鉄拳6
3017	3,163	-2,190	16	10
3018	546	-523	2	1
3019	563	+905	5	3
3020	1,280	-285	7	4
3021	1,752	+429	12	10
3022	1,109	-1,285	4	2
スーパーブラックジャック
3023	2,267	-2,095	0	6
3024	3,452	+1,048	0	2
3025	1,774	+2,286	0	1
3026	3,639	-1,333	0	4
3027	781	-952	0	2
3028	2,410	-904	0	3
3029	2,656	-333	0	6
3030	8,966	-1,666	0	10
戦国乙女4 戦乱に閃く炯眼の軍師
3038	3,501	-1,333	11	0
3039	2,264	-809	10	0
3040	886	-333	5	0
3041	1,484	+143	8	0
3042	1,373	-1,333	7	0
3043	1,662	+572	15	0
3044	2,087	-2,047	5	0
3045	4,224	+2,238	17	0
3046	133	-238	0	0
3047	1,999	+286	10	0
3048	743	-1,047	1	0
戦国乙女5 業火を穿つ宿焔の双刃
3049	6,187	-2,476	0	7
3050	2,976	+1,572	0	4
3051	5,669	-904	0	11
3052	8,205	+3,334	0	22
3053	5,377	-3,000	0	7
3054	5,205	+1,000	0	14
3055	5,514	-1,523	0	14
3056	5,533	+2,000	0	10
3057	7,320	-1,571	0	14
3058	4,178	-2,285	0	7
3059	5,934	-523	0	14
3060	7,256	+3,334	0	24
3061	4,200	-1,142	0	9
3062	6,524	+3,143	0	22
3063	7,038	-2,047	0	13
3064	7,722	-381	0	19
3065	4,293	-1,285	0	8
3066	7,528	-1,047	0	12
3067	5,416	-2,809	0	9
3068	4,744	-1,000	0	9
3069	3,661	-3,666	0	2
3070	6,394	+4,238	0	18
3071	5,087	-1,714	0	10
3072	5,952	-571	0	12
3073	4,819	-4,190	0	4
3074	4,909	-1,952	0	9
3075	7,117	-95	0	10
3076	5,372	+4,810	0	16
3077	6,845	+10,000	0	30
3078	2,437	-2,095	0	3
3079	8,457	+3,953	0	24
甲鉄城のカバネリ 海門(うなと)決戦
3080	4,077	-1,571	0	9
3081	4,817	+2,096	0	13
3082	6,832	+4,238	0	20
3083	872	-95	0	4
3084	2,210	+1,000	0	8
3085	1,828	-1,428	0	4
3086	2,792	+381	0	11
3087	2,183	-1,285	0	4
3088	2,759	-2,238	0	9
3089	3,310	-1,619	0	9
3090	5,732	-95	0	12
3091	2,368	-1,238	0	7
3092	6,180	+1,905	0	12
3093	4,371	-1,285	0	11
3094	2,029	-1,476	0	7
3095	2,786	-1,095	0	7
3096	7,130	-809	0	22
3097	4,863	-2,238	0	21
3098	3,237	+2,619	0	6
3099	1,375	-571	0	4
3100	7,609	+2,381	0	16
3101	3,615	-1,619	0	9
3102	3,766	-1,762	0	11
3103	821	+143	0	2
3104	8,053	+3,334	0	19
3105	3,069	-48	0	10
3106	3,245	-3,238	0	6
3107	5,791	-1,904	0	15
3108	1,522	-666	0	8
3109	1,984	-1,000	0	6
3110	2,297	-1,142	0	8
3111	6,205	-666	0	16
3112	2,123	+1,762	0	5
3113	6,023	-428	0	17
3131	4,635	-2,381	0	12
3132	3,299	-1,714	0	7
3133	5,638	+191	0	20
3134	4,032	+1,000	0	10
3135	1,680	+191	0	6
3136	1,790	-571	0	5
3137	4,554	-904	0	12
3138	4,253	-2,523	0	14
3139	7,322	+5,048	0	15
3140	1,957	+572	0	5
3141	4,807	+2,477	0	6
3142	3,012	-190	0	8
3143	5,051	-2,142	0	13
3144	7,921	+6,572	0	16
化物語
3114	2,688	-1,714	0	6
3115	4,326	-2,809	0	9
3116	650	-857	0	1
3117	1,751	-1,809	0	4
3118	1,631	-1,666	0	4
3119	532	-571	0	1
3120	4,886	-619	0	9
3121	1,964	-333	0	6
3122	2,460	+477	0	5
3123	2,856	-571	0	8
3124	2,250	+762	0	3
3125	529	-571	0	1
3126	4,045	-381	0	10
3127	4,598	-3,428	0	12
3128	1,832	-1,047	0	6
3129	2,453	+905	0	5
3130	4,232	-1,142	0	6
いざ！番長
3145	5,041	+8,096	0	20
3146	1,057	+238	0	1
3147	9,471	+4,143	0	27
3148	2,502	+1,286	0	13
3149	2,801	+96	0	7
3150	3,005	-48	0	8
3151	1,303	-1,000	0	3
3152	950	-666	0	1
3153	5,605	-142	0	13
3154	982	-1,285	0	1
3155	2,014	-1,666	0	1
ゴッドイーター リザレクション
3156	6,191	-1,619	0	6
3157	5,446	-1,095	0	11
3158	4,450	+2,096	0	6
3159	3,732	-1,904	0	6
3160	5,479	+286	0	9
ドッチ
3161	2,348	+524	21	8
3162	2,275	-1,714	11	5
3163	3,278	-1,666	13	15
3164	2,653	-2,238	9	9
主役は銭形5
3165	1,816	-333	0	6
3166	1,033	-1,190	0	1
3167	3,366	+10,572	0	4
3168	4,921	+3,048	0	8
モンスターハンターライズ
3169	8,155	+3,619	0	19
3170	3,950	-2,000	0	10
3171	4,602	-2,666	0	7
3172	2,604	-2,238	0	4
3173	6,079	+10,334	0	8
3174	5,032	-1,619	0	13
3175	6,814	+3,238	0	15
スーパーリオエース2
3176	1,455	-666	0	5
3177	2,106	-1,762	0	3
3178	1,966	+2,429	0	11
3179	1,569	+2,477	0	13
3180	959	-523	0	2
3181	2,520	+2,477	0	19
3182	1,180	-952	0	2
3183	4,693	+7,477	0	39
3184	501	-476	0	1
3185	1,903	-2,095	0	4
3186	1,254	-762	0	2
虚構推理
3190	3,936	-1,285	0	6
3191	4,808	+858	0	8
3192	6,783	+7,905	0	11
ToLOVEるダークネス
3193	2,491	-2,381	12	0
3194	3,897	+429	21	0
3195	2,475	-2,238	10	0
ワールドダイスター
3196	8,985	-3,666	0	53
3197	8,339	+3,096	0	50
3198	9,021	-1,285	0	56
3199	8,766	-5,095	0	44
3200	8,141	-4,238	0	47
3201	7,358	-2,476	0	49
アズールレーン THE ANIMATION
3202	6,148	+1,524	0	24
3203	0	+0	0	0
3204	5,042	+2,477	0	16
ヨルムンガンド
3205	1,071	-809	0	1
3206	353	-238	0	0
3207	952	-1,000	0	0
ラブ嬢3～Wご指名はいかがですか?～
3208	3,807	-238	0	5
3209	3,601	-571	0	8
邪神ちゃんドロップキック
3210	8,683	-857	0	13
3211	5,949	-3,619	0	10
3212	8,962	-3,762	0	12
3213	7,802	-952	0	11
3214	8,167	-4,381	0	7
3215	8,293	-3,762	0	13
3216	8,206	+5,619	0	19
3217	7,269	-2,523	0	10
ToLOVEるダークネス TRANCE ver.8.7
3218	5,819	-2,714	41	0
3219	5,754	+4,143	47	0
3220	4,393	-3,095	23	0
3221	2,605	+5,048	25	0
3222	4,253	-1,047	26	0
バイオハザード RE:3
3223	1,369	-1,523	0	9
3224	1,837	+429	0	16
3225	696	-428	0	11
3226	1,318	-714	0	14
3227	883	+524	0	10
3228	930	-1,000	0	7
3229	5,299	+2,762	0	74
3230	782	-571	0	8
3231	1,713	-1,904	0	14
とんでもスキルで異世界放浪メシ
3232	6,918	-5,095	0	11
3233	5,323	-4,666	0	8
3234	7,443	-1,285	0	13
3235	6,728	-4,476	0	16
3236	8,076	-714	0	14
攻殻機動隊
3237	3,131	+429	0	8
3238	6,139	+2,191	0	20
3239	894	-333	0	3
3240	2,899	-1,047	0	8
3241	3,512	-1,666	0	7
3242	3,980	-476	0	13
3243	1,840	-666	0	6
3244	5,404	+1,286	0	15
