台番号	G数	差枚	BB	RB
邪神ちゃんドロップキック
1	7,201	+7,138	31	21
2	5,118	-3,798	19	7
3	5,826	-2,018	24	11
4	6,088	-2,298	25	9
5	7,559	+11,136	32	25
戦国コレクション6
6	974	-459	5	2
7	3,264	-1,977	19	8
8	2,240	-1,298	7	4
9	3,909	+8,164	38	14
10	4,244	+11,182	52	20
マギアレコード 魔法少女まどか☆マギカ外伝
11	5,555	+2,697	29	41
12	6,355	-1,028	36	35
13	4,805	+3,000	24	47
14	3,399	+13,591	22	77
15	4,887	+3,294	29	55
いざ！番長
16	1,345	+486	14	8
17	4,021	-156	41	11
18	494	-618	1	0
スマスロ北斗の拳
19	4,413	+5,909	89	11
20	2,411	-945	21	6
21	2,151	-741	16	5
22	6,746	+3,391	92	26
23	4,203	-473	41	10
北斗の拳 転生の章2
24	2,225	-95	21	6
25	1,205	+972	18	6
26	689	-405	5	1
27	884	-1,059	2	2
28	1,385	-900	9	2
化物語
29	2,936	+132	31	13
30	1,196	-1,441	3	3
31	3,411	-2,882	18	10
32	3,576	-1,560	27	13
33	1,788	-1,743	7	3
モンキーターンV
34	1,058	-227	11	5
35	1,660	+32	13	5
36	1,767	-1,236	14	7
37	4,524	+1,309	53	24
38	2,890	-236	33	8
39	4,122	-27	52	20
40	4,068	+2,431	59	14
戦国乙女5 業火を穿つ宿焔の双刃
41	6,181	-4,872	39	10
42	4,909	-5,455	21	2
43	5,046	+400	64	22
44	4,995	+798	44	15
45	4,271	-509	49	18
46	6,228	-3,367	54	17
47	3,796	+159	42	12
48	4,534	+3,082	49	18
49	5,281	+3,527	84	31
50	5,485	+128	56	19
攻殻機動隊
51	2,527	+941	19	7
52	5,446	-1,018	29	24
53	5,079	-4,422	18	20
54	3,325	-3,734	9	15
55	5,373	-1,954	27	22
56	3,138	+4,818	26	13
57	3,130	-1,477	14	13
甲鉄城のカバネリ 海門(うなと)決戦
58	5,281	-355	57	24
59	2,696	-1,431	24	9
60	4,658	+294	51	22
61	4,532	+5,982	88	20
62	4,052	+7,891	81	19
63	5,038	-2,636	40	19
64	6,093	-1,583	55	28
65	5,928	-1,651	55	24
66	5,166	-2,509	42	25
67	5,083	+3,101	72	22
68	3,418	+6,073	69	14
69	4,947	+2,229	56	22
70	1,413	-1,486	5	3
71	3,628	+5,109	67	20
72	3,457	+1,592	48	16
73	2,666	+659	37	8
74	4,673	-2,092	41	27
75	5,205	-2,615	40	17
76	2,474	-400	25	14
77	5,219	+110	59	21
ストリートファイター6
78	1,947	-2,133	5	5
79	1,765	-150	14	6
80	1,704	-1,697	5	4
81	1,876	-700	10	6
82	2,433	-1,491	11	5
83	2,058	+641	19	6
84	1,881	+273	15	6
85	2,192	-618	14	8
スマスロ炎炎ノ消防隊2
86	6,060	+4,145	52	14
87	7,980	-1,229	47	23
88	6,639	+5,509	52	18
89	6,245	+773	38	15
90	5,452	+427	30	15
革命機ヴァルヴレイヴ2
91	407	-268	1	0
92	7,154	-300	54	3
93	1,432	-41	11	1
94	1,507	-1,441	4	2
95	2,184	-164	15	1
96	5,938	-3,239	32	6
97	2,537	-2,853	2	2
98	3,740	-3,404	16	3
99	6,439	+8,136	96	3
100	6,610	+4,564	79	5
101	3,374	-720	23	1
102	6,838	+2,627	75	3
103	4,043	-2,782	17	5
104	7,111	-2,037	51	7
からくりサーカス2
105	1,242	-1,821	2	2
106	1,453	-1,177	10	5
107	807	+845	15	3
108	1,602	-1,472	8	4
109	720	-936	1	1
110	3,344	-2,973	17	5
ソードアート・オンラインII
111	6,811	+1,927	49	0
112	7,652	-2,229	66	0
113	6,260	+3,596	47	0
114	6,910	-3,873	54	0
115	7,200	+1,651	66	0
116	7,510	-4,376	59	0
ワールドダイスター
117	9,088	-6,936	22	50
118	8,556	+1,509	20	55
東京喰種
119	2,742	-3,349	5	10
120	3,744	+3,422	37	16
121	3,304	-2,882	13	13
122	4,482	-3,101	23	21
123	1,738	-688	11	7
124	3,619	+1,236	25	13
125	3,075	-2,509	12	15
126	2,086	-1,748	9	7
127	3,176	-3,037	10	11
128	1,804	-2,266	3	5
129	2,908	-3,119	9	14
130	2,811	-2,032	15	10
131	2,267	-2,032	9	9
かぐや様は告らせたい
132	1,868	-1,168	6	1
133	3,115	-2,873	7	3
134	850	-14	4	2
135	1,710	-1,940	3	1
からくりサーカス
136	2,308	-2,147	13	8
137	553	-818	0	1
138	544	-595	2	1
革命機ヴァルヴレイヴ
139	2,305	+2,073	24	4
140	1,215	-745	4	2
141	2,338	-964	7	3
ToLOVEるダークネス TRANCE ver.8.7
142	1,898	-1,482	9	6
143	1,431	-468	8	5
144	5,486	+12,523	61	21
ビッグドリーム THE GOLDEN PUSHER
145	2,965	-3,550	12	8
146	5	+0	0	0
147	970	-845	6	2
真打 吉宗
148	1,341	+5,455	52	2
149	1,048	-764	8	5
150	1,299	+2,661	32	6
151	2,770	+4,891	66	9
152	1,345	+2,936	33	1
やじきた道中記参る！
153	2,923	-1,867	7	21
154	3,571	+868	12	17
155	3,486	+5,091	16	25
156	1,791	-1,615	5	13
157	4,277	-2,399	6	18
158	5,166	-4,037	7	27
シャーマンキング
159	439	-500	1	2
160	2,938	-1,355	8	17
161	1,841	-1,055	10	9
162	2,926	-4,000	6	4
163	599	+109	2	6
ゴッドイーター リザレクション
164	1,758	+386	24	6
165	1,362	+741	22	4
166	4,556	+4,734	84	16
167	1,145	-864	9	4
168	1,795	+1,119	26	5
169	4,133	-3,936	27	8
170	3,556	-2,573	26	7
スマスロ炎炎ノ消防隊
254	1,494	-495	8	3
255	2,552	-1,931	5	7
256	4,338	+8,473	68	9
アズールレーン THE ANIMATION
257	2,675	+127	39	14
258	4,532	-4,436	26	19
259	4,150	-2,743	34	20
モンスターハンターライズ
260	4,808	-1,450	51	23
261	2,392	+1,743	42	7
262	4,282	+818	61	18
263	2,488	+1,537	38	6
264	3,880	+7,200	88	20
スーパーリオエース2
265	3,082	-2,555	14	9
266	8,332	-5,018	50	25
267	1,559	-1,277	10	7
スーパーブラックジャック
268	2,285	-1,300	20	2
269	3,228	+468	40	6
270	3,292	+5,345	80	4
無職転生 ～異世界行ったら本気だす～
271	2,197	+390	30	10
272	4,024	+936	60	20
273	3,374	+2,491	63	21
バイオハザード RE:3
274	1,508	+5,655	39	50
275	2,721	+55	29	42
276	1,716	-2,151	5	11
鉄拳6
277	3,839	+8,382	32	57
278	1,709	+5,145	12	28
279	1,129	+6,527	15	38
少女☆歌劇 レヴュースタァライト ‐The SLOT‐
280	2,799	-1,023	14	12
281	2,119	+186	10	18
282	947	+318	4	10
東京リベンジャーズ
283	2,965	-1,725	8	4
284	776	-209	2	1
285	1,004	+409	6	2
286	2,304	+345	8	2
287	2,556	+582	14	3
虚構推理
288	5,057	+2,936	58	17
289	4,186	+472	38	16
290	3,843	+5,055	56	13
とある魔術の禁書目録2
291	6,559	-3,376	30	34
292	5,164	-2,636	28	23
293	4,975	-4,909	18	15
A‐SLOT+ 異世界かるてっと
294	4,001	-795	15	22
295	2,091	-555	12	4
296	1,226	-659	4	4
タクトオーパス デスティニー
297	2,621	-273	15	12
298	115	+5	1	1
299	2,269	-1,725	9	10
戦国乙女4 戦乱に閃く炯眼の軍師
300	5,207	+10,591	32	32
301	1,195	-350	4	4
302	2,321	-1,000	10	6
プリズムナナ
303	899	+1,845	18	5
304	336	-214	1	1
305	1,919	-1,168	9	6
マクロスフロンティア4
306	1,373	-1,683	2	1
L麻雀物語
307	1,971	-645	7	3
回胴黙示録カイジ 狂宴
308	907	-541	3	1
戦姫絶唱シンフォギア 正義の歌
309	2,101	-1,155	26	8
とある科学の超電磁砲2
310	940	-1,332	1	0
七つの魔剣が支配する
311	1,344	+168	26	8
ギルティクラウン2
312	1,091	+486	5	15
デビル メイ クライ5 スタイリッシュトライブ
313	1,054	-177	7	3
とんでもスキルで異世界放浪メシ
314	2,828	-1,560	42	7
ドッチ
315	4,776	+6,128	60	9
ToLOVEるダークネス
316	2,698	+5,009	29	10
頭文字D 2nd
317	2,724	-1,982	19	2
ダーリン・イン・ザ・フランキス
318	1,245	+1,559	19	6
ソードアート・オンライン
319	3,909	+3,927	67	18
新鬼武者3
320	2,955	+4,127	64	20
スマスロ秘宝伝
321	369	-200	1	2
ゾンビランドサガ
322	1,896	-905	17	3
痛いのは嫌なので防御力に極振りしたいと思います。
323	3,080	+1,895	22	16
324	3,042	+745	18	13
325	2,508	-555	11	9
不二子BT
326	1,027	-55	7	2
327	1,927	+368	18	3
328	1,107	-309	8	1
喰霊‐零‐Re
329	7,827	-1,417	33	18
330	9,143	+5,618	44	12
331	7,899	-298	43	30
うみねこのなく頃に2
332	957	-186	1	3
333	5,699	+314	11	16
334	6,112	+2,266	25	14
335	5,109	-1,472	10	13
336	4,874	-1,350	9	10
337	7,449	-1,748	14	18
338	5,751	-609	16	10
