台番号	G数	差枚	BB	RB
スマスロ サンダーV
2001	5,131	-857	16	11
2002	6,597	+2,429	28	21
2003	7,425	+96	29	15
2004	4,783	-1,381	16	3
2005	4,917	-95	20	7
2006	7,101	+667	26	17
2007	8,252	+2,191	35	24
2008	7,578	-190	27	19
SHAKE BONUS TRIGGER
2009	5,031	-1,904	9	11
2010	2,647	-190	8	5
2011	6,822	-95	21	11
2012	4,110	+96	11	13
2013	4,224	-762	11	6
ケロット5
2014	4,685	-666	18	9
2015	2,576	-857	9	5
2016	7,103	+191	30	23
2710	2,213	-571	8	7
クレアの秘宝伝 ～はじまりの扉と太陽の石～ ボーナストリガーver.
2017	4,120	-2,428	10	4
2018	2,128	-1,428	3	7
2019	6,937	+96	22	22
2020	2,180	-238	8	2
2021	6,646	+905	26	16
スマスロ ハナビ
2028	7,310	+2,477	34	21
2029	4,131	-48	13	9
2030	2,648	-952	8	4
2031	6,533	+96	19	26
2032	3,680	+143	13	10
2033	3,553	+238	15	3
2034	3,315	-1,047	8	8
2035	3,488	+619	14	10
バーサスリヴァイズ
2036	6,311	+2,572	27	21
2037	5,870	+1,429	26	12
2038	7,688	-619	22	19
2039	6,618	+619	25	18
ジャグラーガールズ
2040	8,130	+429	31	28
2041	6,264	-476	22	16
2042	6,888	+905	29	25
2043	4,361	-95	14	17
2044	8,021	+191	33	22
2045	2,610	-523	10	5
2046	8,713	+1,048	34	34
2047	3,814	-1,000	10	13
2048	5,604	-1,238	16	19
2049	7,914	+1,334	36	23
2050	5,789	-904	19	18
ファンキージャグラー2
2051	3,850	-428	15	8
2052	5,564	+1,238	24	18
2053	2,963	-1,476	7	5
2054	5,825	+143	21	19
2055	6,596	-428	22	24
2056	5,482	-95	19	19
2057	4,680	+2,238	25	14
2058	4,777	-2,857	8	12
2059	1,980	+191	10	4
2060	4,167	+1,381	19	18
2061	5,664	-238	21	15
2062	2,702	-809	7	5
2063	4,168	-1,000	14	8
2064	2,128	-428	8	3
2065	4,565	-95	23	1
2066	2,607	-1,142	6	4
2067	1,058	-476	3	1
2068	6,304	+1,286	31	14
2069	3,447	+96	14	9
2070	5,534	-809	18	12
2071	0	+0	0	0
2072	4,985	-571	19	12
2073	2,272	-48	9	5
2074	3,825	-476	14	9
2075	1,239	-95	5	3
2076	5,925	+1,191	26	16
2077	4,500	-333	17	11
2078	5,804	-333	23	11
2079	3,539	+334	16	8
2080	2,159	-95	10	1
2081	4,430	-285	18	10
2082	2,258	-95	10	3
2083	4,877	-1,142	15	12
ネオアイムジャグラーEX
2084	3,995	+143	16	11
2085	4,838	+1,000	23	12
2086	3,301	-904	10	8
2087	3,685	+1,905	22	13
2088	3,667	+238	15	9
2089	4,721	+2,953	29	13
2090	3,878	-904	12	9
2091	5,614	+715	24	16
2092	3,555	-1,095	10	6
2093	6,008	-1,428	19	14
2094	4,331	-762	14	9
2095	2,105	-238	7	3
2096	6,060	+667	25	17
2097	4,833	-666	16	12
2098	4,725	-714	17	7
2191	5,650	-3,571	8	15
2192	4,206	+1,381	22	5
2193	2,902	-523	11	5
2194	2,332	-190	9	5
2195	5,100	+477	23	11
2196	2,606	+238	13	4
2197	3,401	+477	16	8
2198	4,349	-476	15	10
2199	6,819	-571	24	14
2200	3,926	+143	16	8
2201	3,208	-904	9	7
2202	2,934	-1,190	7	8
2203	5,889	+1,048	27	14
2204	3,946	-571	15	5
2205	4,077	-238	16	12
2206	4,590	-1,952	9	14
2207	4,426	-95	16	11
2208	3,932	-1,095	11	11
2209	4,885	-190	19	11
2210	4,283	-1,285	14	6
2211	5,742	+143	23	11
2212	3,333	-476	12	7
2213	1,684	-142	7	2
2214	7,460	+2,048	36	21
2215	3,029	+191	12	5
2216	5,112	-619	16	15
2217	5,248	+619	24	8
2218	4,925	-714	15	13
2219	3,003	-1,285	6	6
2220	5,614	-666	17	19
2221	1,143	+238	6	0
2222	2,670	-952	7	7
2223	2,180	-381	8	4
2224	2,673	-666	8	5
2225	1,055	-714	2	1
2226	2,676	-809	8	5
2227	5,107	+524	20	16
2228	1,080	-142	4	1
2229	3,912	+429	18	6
2230	1,449	-857	3	2
2231	5,716	-1,428	20	8
2232	3,309	-952	7	14
2233	1,887	-1,190	3	4
2234	3,667	-1,714	7	10
2235	3,919	-762	11	12
2236	4,078	-333	12	16
2237	3,027	+905	15	8
2238	2,260	+96	10	3
2239	4,889	+143	17	15
2240	4,905	+1,048	23	13
2241	4,209	-1,476	11	10
2242	2,332	-1,190	6	3
2243	1,831	-476	6	1
2244	5,512	-1,285	16	17
2245	2,867	-95	11	7
2246	2,809	+191	10	10
2247	4,521	-48	17	11
2248	5,912	-476	22	11
ウルトラミラクルジャグラー
2099	4,181	-1,381	11	12
2100	4,211	-1,000	11	14
2101	4,098	-428	15	7
2102	5,707	-762	18	17
2103	3,955	-619	14	8
2104	2,406	-1,095	6	2
2105	5,064	-1,428	16	9
ミリオンゴッド‐神々の軌跡‐
2106	5,410	-1,762	0	0
2107	3,379	-2,619	0	0
2108	2,565	-762	0	0
2109	3,374	-523	11	0
2110	5,785	-1,476	0	0
2111	4,749	+2,762	0	0
2112	7,465	+1,762	2	0
2113	3,372	-2,952	0	0
2114	7,977	+9,953	4	0
2115	2,926	-1,523	0	0
2116	6,199	-2,190	0	0
2117	5,319	-2,142	0	0
2118	8,513	-4,142	0	0
2119	5,753	+5,905	14	0
2120	6,939	-5,095	0	0
2121	7,813	-3,095	0	0
2122	4,431	-3,142	0	0
2123	5,247	+1,048	0	0
2124	7,234	-1,142	0	0
2125	5,151	+13,096	8	0
2126	8,112	-381	0	0
2127	2,947	-2,285	0	0
2128	4,599	-2,809	0	0
2145	6,531	+143	0	0
2146	4,849	+11,286	10	0
2147	3,197	-3,142	0	0
2148	3,971	-1,857	0	0
2149	1,759	-1,476	0	0
2150	6,671	-4,904	0	0
2161	3,074	-3,476	0	0
2162	7,237	-428	30	0
2163	1,659	-476	0	0
2164	4,060	-1,714	0	0
2165	5,929	-2,095	0	0
2166	2,684	-3,190	0	0
2624	999	-714	0	0
真打 吉宗
2151	5,682	-3,095	0	10
2152	8,286	+810	0	21
2153	5,780	+2,000	0	9
2154	6,351	-4,619	0	12
2155	5,349	-3,333	0	14
2156	8,102	-2,476	0	15
2157	6,810	+286	0	13
2158	5,663	+1,429	0	9
2159	4,106	-1,285	0	6
2160	7,311	+3,667	0	15
ストリートファイター6
2249	5,263	-2,523	0	13
2250	5,349	+2,429	0	12
2251	4,963	+2,334	0	10
2252	4,798	+1,048	0	8
2253	2,508	-3,047	0	6
2280	3,073	-3,047	0	12
2281	4,707	-619	0	12
2282	5,067	-2,381	0	12
2283	4,494	-142	0	11
2284	6,015	+1,238	0	14
ソードアート・オンラインII
2254	7,853	+9,905	0	0
2255	7,811	+5,810	0	0
2256	8,454	+2,572	0	0
2257	8,021	-1,285	0	0
2258	7,941	+6,572	0	0
2259	9,367	-3,333	0	0
2260	8,252	-3,285	0	0
2261	8,367	+3,524	0	0
2262	7,901	-4,523	0	0
2263	7,598	+11,477	0	0
2264	7,638	-4,428	0	0
2265	9,554	-4,238	0	0
2266	9,121	+8,715	0	0
2267	7,284	-5,095	0	0
2268	6,235	-2,762	0	0
2269	7,923	-5,095	0	0
2270	8,878	+9,191	0	0
2271	8,319	-4,571	0	0
2272	7,336	-3,000	0	0
2273	7,697	-4,762	0	0
2274	7,887	-5,095	0	0
2275	8,404	-5,047	0	0
2276	7,122	-5,047	0	0
2277	6,411	+9,381	0	0
2278	7,078	+2,048	0	0
2279	8,683	+12,572	0	0
モンキーターンV
2285	6,710	-1,428	0	11
2286	5,045	-48	0	15
2287	812	-428	0	1
2288	4,948	-1,000	0	11
2289	1,448	-523	0	3
2290	3,925	+762	0	7
2291	1,280	-809	0	5
2292	4,647	+96	0	11
2293	3,719	+1,238	0	7
2294	1,392	-762	0	3
2295	4,583	+1,238	0	14
2296	3,583	-1,476	0	8
2297	4,954	-1,809	0	12
2298	2,259	-2,000	0	4
2299	3,437	-2,523	0	7
2795	5,034	+1,143	0	9
2796	7,055	+2,429	0	20
2797	1,942	-1,714	0	5
2798	7,292	+2,048	0	17
2799	4,509	+477	0	12
2800	1,204	-762	0	3
2801	7,464	+3,953	0	15
2802	2,817	-1,571	0	7
2803	5,231	-428	0	11
2804	2,689	-285	0	5
2805	2,836	-619	0	7
2806	3,194	-904	0	8
2807	6,455	+3,905	0	12
2808	4,692	+5,048	0	9
2809	4,149	-1,904	0	8
2810	1,318	+191	0	3
2811	5,696	-1,285	0	12
2812	0	+0	0	0
マイジャグラーV
2300	6,220	-1,238	18	17
2301	5,108	-333	18	15
2302	7,546	-571	26	19
2303	5,414	-666	19	12
2304	6,508	-476	25	14
2305	6,032	-1,619	17	18
2306	6,900	+1,524	31	20
2307	5,000	+238	19	12
2308	4,079	-1,904	8	8
2309	7,231	+238	28	22
2310	5,258	-2,285	10	15
2311	7,039	+1,096	33	11
2312	4,596	-1,571	11	14
2313	7,576	+381	30	22
2314	0	+0	0	0
2315	6,107	-1,333	20	13
2316	7,293	+524	30	20
2317	5,077	+1,000	24	13
2318	3,566	-571	14	4
2319	8,080	-333	31	19
2320	6,261	-1,762	17	16
2321	8,420	-3,809	19	20
2322	5,024	-1,285	16	12
2323	5,719	-3,904	9	10
2324	3,981	-1,476	10	7
2325	6,335	-2,285	15	15
2326	6,238	+238	26	13
2327	4,370	-2,095	9	10
2328	5,446	+524	24	14
2329	8,947	-190	31	29
2465	6,426	+1,096	33	9
2466	4,371	+715	19	14
2467	4,516	-1,238	13	11
2468	6,547	-714	22	17
2469	4,977	-381	19	16
2470	5,181	-571	20	10
2471	6,239	-48	24	17
2472	8,227	-1,142	29	20
2473	4,990	+1,286	25	11
2474	6,713	-2,285	20	12
2475	5,521	+96	20	14
2476	6,772	+96	28	17
2477	6,178	+381	26	12
2478	5,150	-523	19	12
2479	7,245	+96	27	25
2480	7,090	-1,047	21	24
2481	6,054	-238	26	10
2482	5,530	-428	22	10
2483	5,847	-476	19	17
2484	4,759	-714	16	11
2485	7,717	-1,047	27	19
2486	4,834	+762	19	15
2487	5,515	-1,428	14	15
2488	0	+0	0	0
2489	7,775	-95	33	12
2490	4,932	-1,142	19	6
2491	4,351	-1,619	13	6
2492	6,384	+524	26	17
2493	5,758	-190	23	12
2494	0	+0	0	0
2495	6,389	+953	25	25
ゴーゴージャグラー3
2330	6,900	+2,810	39	22
2331	3,337	+524	13	16
2332	1,653	-95	7	3
2333	4,045	+143	17	12
2334	1,652	-523	5	2
2335	3,384	-523	13	6
2336	6,253	+381	26	24
2337	1,407	-762	3	3
2338	3,580	-142	14	9
2339	2,949	-904	8	8
2340	3,907	-381	14	13
2341	5,503	-3,428	9	17
2342	2,474	-809	8	6
2343	2,731	-1,762	7	4
2344	4,808	-428	18	9
2345	5,387	-48	24	10
2346	4,887	-571	14	21
2347	5,097	-571	18	17
2348	4,740	-1,142	15	15
2349	2,057	-476	7	7
2350	5,307	-1,095	20	11
2351	6,830	-476	28	16
2352	2,564	-48	9	9
2353	3,077	-523	12	7
2354	1,925	-523	5	6
2355	2,383	-857	7	5
2356	6,136	+1,000	29	16
2357	1,302	-476	4	2
2358	6,254	-2,047	17	19
2496	7,583	+1,048	36	17
2497	3,091	+619	15	9
2498	2,444	-1,095	7	4
2499	2,772	-809	9	8
2500	2,521	-1,571	4	7
2501	2,470	-428	8	6
2502	4,776	-571	16	14
2503	2,019	-476	8	1
2504	1,523	-1,047	3	0
2505	3,884	-1,285	8	16
2506	5,632	+1,667	32	13
2507	5,932	+2,619	32	22
2508	6,116	-762	21	21
2509	5,472	+1,286	23	27
2510	6,076	-381	27	11
2511	6,287	-1,095	24	11
2512	2,290	-1,333	5	5
2513	3,844	-666	14	12
2514	5,581	-476	22	15
2515	1,474	-190	6	1
2516	3,795	-762	13	11
2517	3,468	-1,619	8	9
2518	5,327	+1,524	28	13
2519	4,382	-619	17	8
スマスロ北斗の拳
2359	3,666	-1,238	30	10
2360	3,214	-190	34	9
2361	4,809	-1,381	45	11
2362	2,145	+1,286	33	4
2363	3,464	-1,333	29	7
2364	2,403	+3,905	51	3
2365	2,891	-1,428	23	4
2366	3,824	-3,904	13	6
2383	5,248	-1,190	46	17
2384	1,927	+143	23	4
2385	2,656	-2,095	14	4
2386	4,859	-1,714	41	13
2387	3,255	-857	28	9
2388	2,621	+4,143	57	8
2389	3,981	-571	36	9
2390	5,436	-4,190	24	10
北斗の拳 転生の章2
2367	7,022	-1,523	0	17
2368	5,066	-809	0	11
2369	2,919	-952	0	6
2370	4,381	-3,381	0	9
2371	6,326	+5,715	0	20
2372	293	+143	0	1
2373	3,275	-2,714	0	6
2374	5,866	-2,285	0	11
2375	3,579	-1,666	0	8
2376	5,955	+2,381	0	16
2377	2,694	-3,095	0	3
2378	1,205	-48	0	4
2379	3,709	-714	0	6
2380	1,544	-238	0	3
2381	7,144	-762	0	12
2382	796	-333	0	1
2520	1,780	-1,333	12	5
2521	1,595	-1,047	11	4
2522	237	+143	3	1
2523	2,692	+2,191	39	7
2524	1,986	+286	28	7
2525	1,072	-95	15	3
2526	816	+191	9	4
2527	3,174	+143	35	8
2528	1,037	-238	9	3
2529	1,174	-1,285	4	3
2530	2,702	+3,572	54	8
2531	2,513	-285	30	8
2532	3,502	+334	40	10
2533	3,143	-2,809	15	7
2534	2,232	+3,286	43	6
2535	5,877	-142	69	19
2536	4,167	+10,191	102	17
2537	845	+143	10	2
2538	4,609	-1,714	38	14
2539	3,702	-1,142	47	6
2540	223	+143	3	1
2541	4,861	-3,142	32	14
2542	1,381	-809	9	4
2543	1,258	-238	13	3
2544	3,911	+1,238	51	14
2545	3,493	+5,286	72	17
2546	328	+1,286	12	1
2547	3,704	-2,714	22	8
マギアレコード 魔法少女まどか☆マギカ外伝
2391	3,994	-1,857	13	0
2392	1,173	-476	2	0
2393	369	-333	1	0
2394	1,592	-904	3	0
2395	2,635	+1,143	8	0
2396	388	-476	1	0
2397	5,020	-2,333	17	0
2398	2,791	-2,476	10	0
2399	792	-571	3	0
2400	2,820	-2,523	10	0
2401	1,406	+572	3	0
2402	1,214	-1,095	4	0
2403	4,585	-2,762	11	0
2404	1,456	+143	5	0
2405	9,062	-3,476	24	0
2406	6,202	+3,238	20	0
2407	5,547	+1,762	16	0
2408	1,010	+286	1	0
2409	4,278	-1,857	14	0
2410	2,219	-952	4	0
2411	729	-95	3	0
2412	1,998	-190	6	0
2413	921	-476	3	0
2414	2,368	+334	5	0
2415	1,004	-285	4	0
2416	1,378	+286	3	0
2417	2,469	+810	9	0
2418	6,628	-1,523	20	0
かぐや様は告らせたい
2419	3,290	-619	15	2
2420	779	-714	2	0
2421	3,626	+5,191	37	3
2422	2,317	-1,095	9	4
2423	848	-762	2	1
2424	2,147	+143	11	5
2425	4,928	-2,381	17	9
2426	2,360	+4,810	21	3
2427	2,432	-2,904	3	4
2428	2,047	-142	10	3
2429	4,352	+2,477	29	6
2430	1,977	+667	10	8
2431	1,042	-809	3	0
2432	2,096	-95	8	4
2433	4,137	-4,142	7	8
2434	3,239	-1,571	13	2
ハッピージャグラーVIII
2435	6,442	+1,572	29	20
2436	735	-714	1	0
2437	1,934	-523	7	3
2438	2,636	-619	9	3
2439	4,484	-1,047	14	10
2440	4,779	-619	16	14
2441	4,835	-2,476	9	15
2442	2,400	-428	7	8
2443	4,168	-1,523	11	7
2444	1,879	-809	5	3
2445	1,524	-476	5	3
2446	1,634	-523	5	3
2447	3,880	-142	16	8
2448	5,238	-1,047	18	12
2449	1,047	-428	2	2
2450	4,190	-619	13	12
2451	6,081	-428	24	11
ミスタージャグラー
2452	4,008	-714	14	9
2453	4,769	-285	18	12
2454	4,231	-1,000	16	8
2455	4,908	-666	16	14
2456	4,026	-238	17	5
2457	2,232	-1,142	4	3
2458	7,747	+905	34	25
2459	6,145	-190	24	18
2460	1,972	-285	8	0
2461	4,025	-238	16	7
2462	1,771	-809	5	2
2463	5,045	+1,143	25	9
2464	4,943	+477	21	15
スマスロ炎炎ノ消防隊2
2548	4,373	+96	0	10
2549	2,002	-381	0	3
2550	2,312	-1,142	0	3
2551	3,101	-2,333	0	7
2552	1,602	-1,190	0	5
2553	2,535	+858	0	3
2554	1,300	+238	0	2
2555	584	-95	0	2
2556	3,816	-1,571	0	9
2557	582	-428	0	1
2558	1,045	+477	0	2
2559	1,560	-1,142	0	3
2560	899	+191	0	1
2561	2,903	-48	0	6
2562	2,522	-1,476	0	5
2563	2,753	-381	0	10
2564	4,210	+2,667	0	8
2565	1,890	-809	0	4
2566	2,170	-619	0	6
2567	1,795	-1,381	0	2
2568	1,216	-285	0	4
2569	3,115	-95	0	7
2570	1,501	-1,000	0	4
2571	2,797	-1,047	0	5
からくりサーカス2
2572	5,948	-3,619	0	15
2573	2,111	+1,286	0	5
2574	2,184	+953	0	5
2575	1,233	+1,286	0	4
2576	3,620	+2,143	0	10
2577	2,436	-762	0	5
2578	4,796	+2,191	0	10
2579	1,325	-1,476	0	4
2580	3,740	-4,000	0	10
2581	336	-285	0	1
2582	2,030	+286	0	3
2583	2,797	-3,238	0	4
2584	2,468	-1,047	0	6
2585	2,033	-1,476	0	6
2586	5,376	+5,334	0	16
2587	1,993	-1,762	0	5
2588	6,235	+8,524	0	20
2589	1,439	-619	0	5
2590	2,874	+4,000	0	10
2591	412	-190	0	2
2592	4,065	-2,523	0	10
2593	9,236	+2,429	0	24
2594	349	-333	0	2
2595	1,603	-1,000	0	5
2596	4,539	-714	0	13
2597	3,470	-1,619	0	9
2813	4,884	-523	0	14
2814	469	-381	0	1
2815	6,910	+3,238	0	25
2816	3,741	-95	0	8
2817	2,609	-857	0	5
2818	6,954	+2,619	0	20
2819	1,747	+1,048	0	5
2820	2,241	-2,000	0	5
とある魔術の禁書目録2
2598	7,666	-3,714	0	26
2599	8,366	+3,143	0	23
2600	8,849	-428	0	19
2601	8,608	-3,762	0	28
2602	7,185	+3,953	0	14
2603	8,950	+572	0	36
2604	6,707	-4,333	0	18
2605	8,292	+3,953	0	21
革命機ヴァルヴレイヴ2
2606	5,118	-3,190	31	4
2607	3,913	-428	19	2
2608	2,694	+4,762	60	1
2609	2,565	-2,809	3	2
2610	3,190	-2,285	12	1
2611	4,655	+10,953	100	5
2612	982	-809	1	2
2613	5,746	-1,047	48	1
2614	2,432	+905	23	2
2615	4,234	-95	33	5
2616	3,932	+8,048	84	2
2617	2,483	-1,904	8	1
2618	8,775	-1,523	70	10
2619	3,430	-1,476	26	4
2620	3,836	-1,619	23	2
2621	8,214	-4,000	47	6
GI優駿倶楽部黄金
2622	4,704	+810	0	8
ダーリン・イン・ザ・フランキス
2623	7,585	-3,714	0	26
バンドリ！
2625	3,201	-3,238	0	6
HEY！エリートサラリーマン鏡
2626	4,124	-142	0	5
頭文字D 2nd
2627	2,319	+2,143	0	3
ゾンビランドサガ
2628	1,833	-190	20	0
シャーマンキング
2629	7,656	+286	21	0
スマスロ真・北斗無双
2630	3,939	-952	28	0
2715	3,269	-1,714	18	0
プリズムナナ
2631	932	-666	3	4
ガールズ&パンツァー 最終章
2632	1,494	-714	16	11
戦国コレクション6
2633	7,430	-904	0	14
3031	4,992	-4,190	0	7
3032	6,067	-3,047	0	13
3033	8,120	+1,096	0	14
3034	7,678	+3,238	0	13
3035	7,566	-142	0	12
3036	5,370	-1,762	0	9
3037	8,858	-3,238	0	14
七つの魔剣が支配する
2634	640	-333	0	1
ひぐらしのなく頃に 業
2635	6,363	+6,477	32	10
マジカルハロウィン8
2636	2,421	+1,238	15	0
BIRDIE WING ‐Golf Girls' Story‐
2637	1,011	-1,190	0	5
とある科学の超電磁砲2
2638	2,972	+1,000	0	5
ビッグドリーム THE GOLDEN PUSHER
2639	3,927	-3,952	0	7
吉宗
2640	3,644	-2,619	4	1
2641	2,356	-3,428	0	3
2642	1,518	-714	2	1
2643	4,971	+2,429	13	8
2644	2,105	-2,285	1	2
バイオハザード RE:2
2645	1,965	-1,285	7	0
頭文字D
2646	1,189	-333	4	6
ハイパーラッシュ
2647	2,494	-95	9	6
コードギアス反逆のルルーシュ3 C.C.&Kallen ver.
2648	1,785	-904	4	2
2649	1,208	-1,428	1	0
2650	2,898	-1,000	6	5
この素晴らしい世界に祝福を！
2651	0	+0	0	0
2652	9,843	+3,048	0	25
2653	6,990	+191	0	19
ダンジョンに出会いを求めるのは間違っているだろうか2
2654	1,588	-238	8	0
2655	1,394	-1,333	5	0
2656	2,003	-1,095	9	0
交響詩篇エウレカセブン HI-EVOLUTION ZERO TYPE‐ART
2657	3,149	-1,190	13	0
2658	3,303	+1,191	24	0
2659	2,323	-1,476	6	0
2660	2,891	+143	13	0
2661	1,066	-285	2	0
2662	7,084	+1,334	48	0
マクロスデルタ
2663	6,856	+191	0	14
新鬼武者2
2664	3,857	+2,429	0	18
ニューパルサーSP4 with 太鼓の達人
2665	2,884	-1,428	6	8
盾の勇者の成り上がり
2666	3,525	-857	0	11
押忍!番長ZERO
2667	3,319	-619	0	6
甲鉄城のカバネリ
2668	4,575	+1,524	12	0
ハードボイルド
2669	2,622	-857	6	6
2670	0	+0	0	0
2671	2,803	+762	10	4
クランキークレスト
2672	5,714	+1,048	22	20
2673	2,886	+334	12	4
2674	3,700	-762	13	4
SLOTドルアーガの塔
2675	4,495	+429	16	12
2676	3,274	-2,095	6	7
ディスクアップ ULTRAREMIX
2695	8,014	-381	26	16
2696	8,226	-3,619	19	10
痛いのは嫌なので防御力に極振りしたいと思います。
2697	2,973	+1,143	17	15
2698	2,903	+1,143	19	11
2699	3,319	-1,381	11	12
東京リベンジャーズ
2700	2,862	-95	0	4
2701	4,493	-1,047	0	6
2702	3,598	-2,714	0	3
無職転生 ～異世界行ったら本気だす～
2703	4,085	+4,000	0	12
2704	1,783	-1,238	0	12
2705	4,379	-48	0	13
ゴジラ対エヴァンゲリオン
2706	6,340	+1,619	22	0
回胴黙示録カイジ 狂宴
2707	4,842	-2,285	22	9
戦姫絶唱シンフォギア 正義の歌
2708	4,205	-3,619	0	6
GALFY
2709	4,581	+2,191	16	21
少女☆歌劇 レヴュースタァライト ‐The SLOT‐
2711	2,978	-714	13	0
乃木坂46
2712	0	+0	0	0
コードギアス 反逆のルルーシュ/復活のルルーシュ
2713	7,421	+1,381	0	10
新鬼武者3
2714	3,337	-3,047	0	2
タクトオーパス デスティニー
2716	1,862	-1,381	0	8
3187	1,930	-1,142	0	6
3188	2,178	-476	0	10
3189	4,431	-3,285	0	14
喰霊‐零‐Re
2717	7,950	-1,809	34	0
2718	7,484	+4,286	39	0
2719	7,143	-1,809	26	0
2720	8,209	+3,048	42	0
やじきた道中記参る！
2721	4,375	-1,333	0	13
2722	6,747	-1,238	0	18
2723	6,607	-285	0	20
2724	5,719	+381	0	15
2725	5,039	-3,285	0	18
2726	8,034	+1,477	0	24
2727	5,569	-2,762	0	17
2728	8,730	+12,238	0	21
2729	7,440	-2,333	0	25
2730	6,812	-48	0	19
2731	5,371	-1,714	0	17
2732	8,208	-1,333	0	26
東京喰種
2733	7,593	-5,095	0	25
2734	6,762	-3,333	0	28
2735	5,600	+762	0	17
2736	3,066	-2,809	0	12
2737	2,732	-2,476	0	7
2738	4,312	+4,286	0	12
2739	3,052	-95	0	6
2740	3,166	-3,666	0	10
2741	4,719	+286	0	12
2742	6,181	-5,095	0	18
2743	2,546	-1,476	0	8
2744	1,504	-1,523	0	4
2745	7,311	+7,048	0	15
2746	4,336	-3,000	0	12
2747	4,553	+143	0	16
2748	5,072	-2,619	0	13
2749	4,937	-2,857	0	13
2750	7,252	+3,667	0	17
2751	6,535	-4,857	0	24
2752	2,123	-904	0	7
2753	7,780	+2,191	0	16
2754	6,788	-5,095	0	16
2755	6,850	+3,905	0	19
2756	4,201	+1,905	0	12
2757	9,077	-5,047	0	30
2758	4,706	+334	0	16
2759	4,665	-1,762	0	15
2760	5,878	-4,714	0	15
2761	5,679	+1,858	0	14
2762	2,433	+2,000	0	6
2763	3,117	+5,048	0	5
2764	4,787	-3,571	0	14
2765	6,504	-1,857	0	18
2766	4,154	-1,762	0	12
2767	6,175	+2,858	0	16
2768	3,117	-3,619	0	8
2769	2,205	-2,095	0	5
2770	8,356	-1,190	0	22
2771	2,721	+810	0	6
2772	6,293	-1,666	0	20
2773	3,080	-2,952	0	13
2774	4,002	-2,095	0	7
2775	6,016	-5,095	0	20
2776	4,440	+4,286	0	8
2777	5,320	+2,429	0	15
2778	3,233	-619	0	10
2779	5,526	+2,000	0	13
2780	4,572	-2,000	0	15
2781	3,628	+3,096	0	6
2782	4,778	-3,142	0	13
2783	6,730	+7,619	0	11
2784	7,386	-2,190	0	18
2785	6,674	+6,905	0	15
2786	6,594	+96	0	18
2787	5,391	+1,619	0	13
2788	5,509	+8,429	0	10
2789	2,518	-2,047	0	9
2790	2,985	-762	0	7
2791	1,064	-1,190	0	4
2792	7,802	+4,429	0	16
2793	5,920	-4,095	0	20
2794	5,868	+3,429	0	12
沖ドキ!DUO アンコール
2821	1,917	+7,810	52	9
2822	2,517	-3,428	6	6
2823	2,108	+1,762	25	10
2824	2,207	+5,667	44	10
2825	2,454	-2,619	10	4
2926	2,349	+5,953	43	18
2927	2,731	+96	24	7
2928	1,095	-762	5	4
2929	3,057	-2,476	15	7
2930	3,621	-333	28	10
2931	333	+524	5	2
2932	4,756	-1,952	30	16
2933	190	+238	2	2
2934	1,989	-619	12	11
2935	750	-523	3	2
2936	1,424	+3,048	24	9
沖ドキ!BLACK
2826	2,923	-381	17	8
2827	4,995	-4,523	13	8
2828	5,849	+2,429	45	21
2829	310	+1,000	6	2
2830	2,657	+3,000	29	12
2831	4,806	-2,857	17	14
2832	2,020	-1,238	7	4
2833	2,353	-1,523	7	8
2834	3,810	-4,571	5	6
2835	2,218	+2,381	21	16
2836	790	+1,953	13	4
2837	1,498	+1,000	12	7
2838	4,174	-3,142	14	7
2839	1,149	+429	9	3
2840	3,148	+1,762	26	12
2841	4,589	-3,000	13	16
2878	4,896	-2,952	15	19
2879	1,411	+2,381	16	14
2880	4,476	-3,571	12	11
2881	667	+3,762	19	6
2882	3,201	-1,047	16	8
2883	2,818	-1,904	10	6
2884	991	-95	5	4
2885	5,401	-4,095	13	18
沖ドキ!GOLD‐30
2842	2,064	-1,428	7	4
2843	1,500	+4,191	26	8
2844	2,128	-714	10	6
2845	1,508	-1,095	6	0
2846	593	+667	5	5
2847	2,636	-1,762	9	6
2848	1,495	-1,714	1	4
2849	2,604	+1,096	19	11
2850	4,764	-2,095	20	12
ヤバチバ
2851	3,859	-4,619	11	8
2852	2,240	-2,285	7	11
2853	4,082	+3,000	21	12
2854	3,194	+2,096	18	10
2855	3,300	-3,952	9	8
L南国育ち SPECIAL
2856	3,752	+7,667	54	18
2857	5,517	-5,095	10	7
2858	1,505	+4,524	29	5
2859	3,455	+524	24	6
2860	2,842	-2,666	6	5
スマート沖スロ ニューキングハナハナV
2861	2,786	-666	10	1
2862	5,443	+1,667	25	13
2863	2,926	+381	12	6
2864	4,959	+96	17	14
2865	5,710	-1,142	18	10
沖ドキ!ゴージャス 30Φ
2866	1,967	+3,381	23	17
2867	4,150	-2,000	18	8
2868	4,041	+572	26	17
2869	3,813	-904	20	11
2870	4,176	-2,619	14	11
2871	4,093	-3,809	9	8
2872	4,424	-3,952	12	6
2873	1,231	+1,858	15	6
2874	4,202	-4,523	7	9
2875	5,540	-3,285	20	12
2876	2,796	-142	13	16
2877	3,627	-1,904	13	12
チバリヨ2
2886	1,607	-1,904	3	2
2887	1,361	-762	6	2
2888	2,478	-1,857	9	6
2889	3,934	+4,953	40	15
2890	2,118	-3,142	3	2
2891	2,415	-2,619	6	8
2892	1,954	-2,333	4	5
2893	2,803	-2,142	9	10
2894	3,958	-3,000	14	12
2895	1,777	+667	14	4
2896	2,866	-2,476	10	5
2897	2,612	-3,095	4	7
2898	0	+0	0	0
2899	3,318	-4,428	6	3
2900	1,034	-48	7	4
2901	1,601	-381	10	3
キングハナハナ-30
2902	5,074	-381	18	10
2903	978	-523	2	0
2904	3,830	-1,190	10	8
2905	3,610	-238	10	13
2906	5,777	-1,285	16	13
2907	2,603	-3,000	0	4
2908	1,809	-1,000	6	1
2909	6,205	+1,762	29	13
2910	2,274	-1,142	5	3
2911	3,256	+429	15	5
2912	7,346	+143	25	21
2913	0	+0	0	0
うみねこのなく頃に2
3001	7,346	+1,238	17	22
3002	8,286	+524	29	17
3003	9,145	+1,096	25	24
不二子BT
3004	1,336	-381	8	2
3005	2,857	+238	23	6
3006	1,618	-95	11	2
A‐SLOT+ 異世界かるてっと
3007	3,045	-1,571	13	5
3008	4,361	+238	25	19
3009	4,340	+1,000	29	20
3010	5,034	-1,095	23	19
アレックス ブライト
3011	6,617	-190	22	14
3012	4,298	-285	15	10
3013	2,244	-238	8	1
3014	5,973	+1,667	23	15
ヱヴァンゲリヲン ～約束の扉～
3015	1,941	-619	5	6
3016	4,034	+1,096	15	6
鉄拳6
3017	1,378	-1,095	5	3
3018	1,265	+2,429	12	14
3019	1,378	-1,762	4	2
3020	1,607	-2,095	4	2
3021	754	-904	3	1
3022	1,912	-1,000	9	5
スーパーブラックジャック
3023	1,295	-1,476	0	4
3024	941	+572	0	1
3025	47	-95	0	0
3026	633	-190	0	0
3027	1,139	-476	0	2
3028	6,173	-1,238	0	8
3029	459	-142	0	0
3030	1,531	-1,523	0	3
戦国乙女4 戦乱に閃く炯眼の軍師
3038	1,138	-1,285	2	0
3039	1,138	-1,762	1	0
3040	1,599	-619	5	0
3041	466	-714	0	0
3042	2,861	-1,142	10	0
3043	1,621	-857	5	0
3044	2,735	-762	12	0
3045	1,441	-48	4	0
3046	1,156	-619	3	0
3047	1,619	-714	7	0
3048	632	-619	1	0
戦国乙女5 業火を穿つ宿焔の双刃
3049	7,261	+7,762	0	20
3050	2,971	-762	0	7
3051	8,166	+3,429	0	20
3052	5,762	+1,429	0	14
3053	8,525	-952	0	15
3054	6,710	-2,571	0	12
3055	8,239	+5,048	0	19
3056	5,242	+715	0	7
3057	6,999	+2,096	0	19
3058	5,145	+715	0	16
3059	7,500	-3,142	0	11
3060	6,413	-1,857	0	11
3061	5,960	-2,571	0	14
3062	6,444	-1,142	0	12
3063	7,272	+96	0	18
3064	7,033	+953	0	13
3065	7,807	+8,572	0	29
3066	8,796	+11,096	0	25
3067	5,539	-952	0	12
3068	7,080	-2,666	0	11
3069	6,803	+1,858	0	14
3070	4,940	-2,190	0	10
3071	4,013	+334	0	10
3072	6,037	-4,381	0	7
3073	7,488	+715	0	19
3074	8,330	-3,619	0	14
3075	7,884	+1,381	0	15
3076	7,175	+1,191	0	10
3077	6,313	+4,381	0	16
3078	7,529	-1,619	0	10
3079	7,872	+762	0	17
甲鉄城のカバネリ 海門(うなと)決戦
3080	7,158	+572	0	14
3081	5,736	-523	0	12
3082	2,719	-1,523	0	8
3083	1,261	-952	0	3
3084	5,029	-428	0	13
3085	788	-190	0	2
3086	1,975	-1,666	0	4
3087	3,932	-3,952	0	12
3088	1,945	-476	0	3
3089	1,847	-523	0	7
3090	6,450	+2,858	0	10
3091	366	+477	0	2
3092	3,499	+429	0	14
3093	4,343	-381	0	15
3094	1,636	+1,429	0	3
3095	3,613	+1,048	0	9
3096	5,897	-2,523	0	18
3097	1,748	-571	0	8
3098	7,512	+7,238	0	8
3099	2,029	+429	0	7
3100	1,550	-666	0	5
3101	2,515	+286	0	7
3102	448	-48	0	1
3103	4,702	+953	0	14
3104	3,073	-1,857	0	10
3105	1,310	-1,809	0	5
3106	5,606	+2,810	0	14
3107	2,995	-762	0	11
3108	1,018	-666	0	2
3109	4,710	-1,571	0	9
3110	4,544	+1,810	0	8
3111	1,100	-666	0	2
3112	2,026	-428	0	7
3113	8,091	-48	0	22
3131	5,240	-3,047	0	15
3132	5,047	-857	0	16
3133	1,358	-1,095	0	4
3134	4,846	-1,523	0	10
3135	3,375	-1,523	0	9
3136	6,831	+2,334	0	20
3137	2,703	-476	0	8
3138	4,993	+3,429	0	13
3139	3,447	+524	0	10
3140	1,363	-95	0	2
3141	6,779	+3,143	0	16
3142	3,641	-2,428	0	11
3143	2,526	-2,190	0	8
3144	2,914	-904	0	7
化物語
3114	1,222	-571	0	3
3115	812	-857	0	1
3116	984	-762	0	3
3117	1,433	-1,333	0	4
3118	1,378	-523	0	5
3119	820	-619	0	2
3120	941	-571	0	3
3121	789	-571	0	3
3122	1,909	+1,143	0	4
3123	2,265	-1,666	0	4
3124	1,611	-381	0	5
3125	1,768	-619	0	3
3126	786	-523	0	1
3127	4,562	+858	0	12
3128	2,093	-1,047	0	6
3129	1,492	-1,476	0	2
3130	678	-571	0	2
いざ！番長
3145	3,600	-619	0	7
3146	2,315	-95	0	8
3147	2,339	+96	0	9
3148	1,237	-190	0	5
3149	2,171	-2,333	0	1
3150	2,587	-714	0	8
3151	2,162	-666	0	3
3152	1,773	-95	0	3
3153	2,449	-1,428	0	3
3154	2,021	-2,047	0	1
3155	1,729	-1,762	0	2
ゴッドイーター リザレクション
3156	1,960	-476	0	4
3157	4,322	-428	0	8
3158	664	+143	0	1
3159	2,832	-1,381	0	4
3160	1,451	-1,714	0	3
ドッチ
3161	3,687	+3,143	43	15
3162	2,629	-2,381	9	6
3163	1,940	-476	12	6
3164	2,508	-238	20	6
主役は銭形5
3165	1,928	-2,285	0	2
3166	5,617	+1,191	0	8
3167	2,866	+429	0	5
3168	2,013	-1,047	0	3
モンスターハンターライズ
3169	9,485	+14,000	0	21
3170	2,771	-142	0	4
3171	3,618	-666	0	10
3172	3,818	-2,333	0	10
3173	8,659	+4,619	0	17
3174	5,916	+2,048	0	16
3175	4,367	-714	0	9
スーパーリオエース2
3176	4,743	+4,524	0	42
3177	591	-619	0	1
3178	1,820	-142	0	10
3179	667	-904	0	0
3180	1,874	-1,238	0	3
3181	912	-714	0	2
3182	1,425	+953	0	14
3183	467	-476	0	1
3184	1,067	-1,285	0	1
3185	713	-571	0	1
3186	2,128	+381	0	16
虚構推理
3190	3,073	+667	0	5
3191	2,315	-1,571	0	4
3192	1,953	-1,428	0	2
ToLOVEるダークネス
3193	3,602	-571	23	0
3194	427	-619	1	0
3195	3,852	+6,429	37	0
ワールドダイスター
3196	6,787	-1,285	0	46
3197	6,758	+1,429	0	44
3198	7,732	-904	0	44
3199	7,944	-4,809	0	50
3200	6,366	-4,095	0	35
3201	6,650	+2,715	0	43
アズールレーン THE ANIMATION
3202	3,626	-1,333	0	17
3203	0	+0	0	0
3204	4,584	-1,238	0	22
ヨルムンガンド
3205	641	-762	0	0
3206	676	-904	0	0
3207	1,606	-1,762	0	0
ラブ嬢3～Wご指名はいかがですか?～
3208	2,543	-904	0	7
3209	2,921	-238	0	9
邪神ちゃんドロップキック
3210	8,453	-5,095	0	10
3211	8,815	+4,762	0	24
3212	7,326	-4,571	0	8
3213	8,417	+1,096	0	16
3214	8,438	-3,142	0	9
3215	6,984	-2,381	0	11
3216	7,792	-428	0	9
3217	8,438	-3,047	0	10
ToLOVEるダークネス TRANCE ver.8.7
3218	3,651	-1,381	18	0
3219	4,529	+2,143	32	0
3220	2,922	-1,142	17	0
3221	5,669	+1,000	41	0
3222	3,537	-2,714	16	0
バイオハザード RE:3
3223	5,866	+5,572	0	77
3224	489	-476	0	5
3225	1,796	+1,810	0	18
3226	2,249	+96	0	31
3227	364	+96	0	6
3228	2,304	-714	0	31
3229	1,787	-762	0	18
3230	1,841	-2,142	0	12
3231	2,985	-2,428	0	27
とんでもスキルで異世界放浪メシ
3232	7,973	+286	0	15
3233	7,912	+3,048	0	15
3234	6,872	+6,810	0	11
3235	5,832	-2,571	0	10
3236	7,170	-2,619	0	16
攻殻機動隊
3237	3,504	-3,619	0	11
3238	7,574	-2,857	0	24
3239	3,891	-1,285	0	12
3240	5,242	-1,809	0	16
3241	3,940	+7,953	0	7
3242	4,438	-190	0	11
3243	5,770	-619	0	20
3244	4,400	+1,096	0	10
